Term, Students taking course, Total Students, Percentage of students pass 
Fall: 1599,2344,0.682167
Spring: 1384,2190,0.631963
